Camera Matrix =
1447.82 0 971.305 
0 1449.05 550.214 
0 0 1 
Dist Coeffs =
0.12557 -0.284573 0.000169888 -0.00062386 0.16368 
Camera Matrix Deviation =
0.512761 0.510246 0.826909 
0.510246 0.826909 0.754275 
0.826909 0.754275 0.00168304 
Dist Coeffs Deviation =
0.000781061 0.000552695 0.00142854 0.000432474 0.000386172 
Re-projection Error:
0.0740587 0.131909 0.160564 0.155758 0.175716 0.104349 0.198623 0.196853 0.189967 0.123639 0.158415 0.125144 0.170937 0.193908 0.89748 0.295774 0.107969 0.121218 0.16664 0.180325 0.380102 0.14914 0.227833 0.135454 0.14469 0.157783 0.249817 0.166408 0.194548 
Average Error = 0.197759
